-1.260000  21.270000 0
7.960000  -20.770000 1
6.990000  -9.960000 1
-15.910000  3.330000 2
23.310000  4.270000 0
-14.090000  7.910000 2
21.360000  5.290000 0
-2.950000  -21.070000 1
-5.260000  1.180000 2
-5.480000  8.080000 2
11.220000  16.920000 0
3.010000  -11.990000 1
-2.410000  -4.850000 1
-23.260000  -1.910000 2
24.460000  2.660000 0
-1.400000  -15.860000 1
17.170000  -2.390000 0
5.620000  -12.930000 1
-2.850000  -14.290000 1
-13.770000  8.850000 2
6.440000  19.480000 0
0.030000  -10.340000 1
-8.090000  -8.810000 1
-19.190000  -4.520000 2
17.540000  4.630000 0
6.110000  -5.460000 1
21.330000  8.110000 0
4.780000  -5.180000 1
0.440000  -7.380000 1
-14.530000  9.430000 2
0.240000  26.590000 0
-13.630000  7.370000 2
-5.020000  -3.600000 1
-6.030000  -11.220000 1
18.010000  3.470000 0
-3.190000  -9.590000 1
6.130000  15.900000 0
-13.370000  9.990000 2
-0.020000  -11.680000 1
-20.740000  12.820000 2
-4.390000  -10.770000 1
25.050000  0.770000 0
2.820000  -9.290000 1
5.660000  -10.370000 1
-3.560000  -18.920000 1
-20.850000  3.080000 2
3.010000  -11.390000 1
1.640000  -10.740000 1
5.020000  20.770000 0
3.940000  20.880000 0
0.980000  -6.800000 1
6.270000  -7.260000 1
6.900000  -13.320000 1
1.670000  -9.990000 1
10.710000  -9.210000 1
10.320000  13.990000 0
3.250000  -9.590000 1
6.660000  -11.720000 1
22.430000  10.560000 0
-19.410000  -8.140000 2
-23.570000  3.620000 2
4.770000  -11.740000 1
-23.890000  0.590000 2
-21.560000  -8.820000 2
28.180000  7.430000 0
21.390000  11.180000 0
21.360000  8.290000 0
14.770000  17.140000 0
19.450000  -4.410000 0
-7.710000  -19.190000 1
7.910000  -10.860000 1
-6.150000  -5.710000 1
6.310000  20.100000 0
-18.420000  11.800000 2
-1.280000  0.970000 2
2.990000  -9.240000 1
2.750000  -11.290000 1
6.560000  -13.930000 1
-3.430000  22.840000 2
-1.260000  23.800000 0
0.190000  -15.570000 1
1.340000  -19.620000 1
21.700000  7.180000 0
-20.240000  -5.360000 2
-3.730000  -2.330000 1
7.500000  -20.860000 1
6.520000  -3.710000 1
18.200000  -13.210000 1
22.070000  2.240000 0
-24.100000  -1.810000 2
3.140000  -14.100000 1
-20.610000  -14.860000 2
-20.180000  12.000000 2
12.560000  -20.240000 1
-0.160000  -17.460000 1
20.140000  -4.680000 0
3.120000  -10.380000 1
22.570000  0.690000 0
-24.690000  -5.220000 2
19.920000  -19.200000 1
22.770000  4.990000 0
8.560000  23.520000 0
-0.010000  -3.910000 1
-14.340000  -23.070000 1
24.500000  1.270000 0
-16.440000  11.550000 2
18.070000  -1.410000 0
-0.790000  -9.230000 1
3.680000  -11.340000 1
0.860000  -7.070000 1
16.830000  -1.390000 0
18.750000  2.690000 0
2.370000  -17.660000 1
-2.000000  -10.530000 1
3.610000  -11.310000 1
2.840000  -7.490000 1
-4.980000  -4.540000 1
-3.190000  -16.200000 1
0.290000  -15.950000 1
-11.930000  11.520000 2
-3.320000  -3.670000 1
16.710000  -12.120000 1
0.050000  -18.770000 1
-3.650000  -14.980000 1
24.510000  1.220000 0
-16.190000  -0.520000 2
7.650000  21.090000 0
1.770000  -10.770000 1
-15.350000  13.880000 2
4.320000  -15.590000 1
2.020000  24.140000 0
-3.910000  3.830000 2
-8.440000  -7.620000 1
-19.630000  -12.000000 2
18.420000  -14.950000 1
-0.990000  -13.180000 1
14.560000  17.150000 0
1.070000  -17.980000 1
1.210000  -5.260000 1
-18.300000  14.030000 2
3.560000  21.530000 0
2.800000  -7.270000 1
-10.030000  -11.590000 1
-26.950000  0.820000 2
22.420000  -10.870000 1
-4.350000  -17.560000 1
18.010000  10.400000 0
4.870000  -20.400000 1
4.210000  -0.220000 1
-18.430000  11.880000 2
8.080000  22.280000 0
-2.230000  -2.520000 1
-12.030000  -14.190000 1
-16.930000  -8.000000 2
19.640000  -12.420000 1
6.280000  -2.240000 1
20.020000  6.830000 0
3.860000  -19.630000 1
7.170000  -12.270000 1
-16.200000  11.620000 2
6.020000  20.840000 0
-12.960000  8.280000 2
1.560000  -15.380000 1
5.050000  -10.990000 1
18.200000  15.430000 0
2.420000  -10.290000 1
4.290000  22.580000 0
-14.510000  12.320000 2
3.650000  -6.800000 1
-16.940000  12.660000 2
4.050000  -12.540000 1
25.340000  -12.590000 1
-2.310000  -3.410000 1
0.130000  -20.010000 1
-2.230000  -19.540000 1
-21.540000  -8.630000 2
-2.480000  -9.620000 1
-1.920000  3.650000 2
2.810000  24.270000 0
10.780000  16.170000 0
-9.580000  -9.770000 1
-9.730000  -12.540000 1
0.770000  -22.190000 1
-5.090000  -0.970000 2
0.240000  -4.680000 1
10.660000  21.460000 0
2.070000  -7.390000 1
-3.240000  -8.900000 1
15.700000  13.270000 0
-26.070000  3.510000 2
-19.140000  -2.190000 2
8.920000  -21.080000 1
-21.880000  2.280000 2
-23.030000  -2.410000 2
20.380000  -10.450000 1
23.700000  5.470000 0
18.440000  13.380000 0
18.900000  16.660000 0
21.100000  -12.780000 1
-10.300000  10.450000 2
7.210000  -9.870000 1
-0.140000  -12.380000 1
5.710000  24.430000 0
-14.940000  5.340000 2
2.900000  -4.030000 1
-8.980000  -12.280000 1
-0.080000  -14.780000 1
-5.400000  -12.560000 1
14.800000  16.280000 0
11.310000  20.640000 0
1.440000  -5.460000 1
1.130000  -23.620000 1
17.330000  15.880000 0
-20.450000  -6.700000 2
-5.260000  -9.300000 1
1.080000  -10.680000 1
5.720000  -19.760000 1
-18.300000  -9.530000 2
-1.630000  -0.240000 1
-19.840000  -8.780000 2
-14.050000  5.210000 2
7.580000  -10.890000 1
-1.650000  -21.760000 1
19.470000  2.260000 0
1.790000  2.970000 0
26.250000  -11.810000 1
-17.850000  -9.140000 2
3.920000  -11.010000 1
24.850000  -13.100000 1
0.140000  25.080000 0
-0.300000  -11.020000 1
-13.520000  -9.030000 2
17.480000  13.750000 0
-13.940000  9.540000 2
9.930000  21.580000 0
9.530000  -9.760000 1
-0.200000  -20.880000 1
7.700000  -8.710000 1
20.800000  -12.870000 1
22.260000  -15.990000 1
5.520000  -20.470000 1
1.490000  1.400000 1
5.420000  -15.770000 1
-1.320000  -0.530000 1
-4.270000  -12.120000 1
4.460000  -11.030000 1
3.170000  -12.790000 1
17.550000  -8.220000 1
1.360000  -7.550000 1
-0.370000  -8.030000 1
22.700000  -13.280000 1
-8.970000  12.690000 2
7.960000  23.210000 0
-1.760000  -2.880000 1
-4.060000  8.400000 2
5.270000  -5.360000 1
5.650000  18.790000 0
10.850000  -21.260000 1
-10.630000  -4.290000 2
-19.470000  3.340000 2
20.920000  -1.590000 0
-11.580000  11.230000 2
14.570000  15.620000 0
-5.700000  -22.350000 1
-6.670000  1.700000 2
-7.940000  -8.730000 1
3.150000  20.830000 0
8.770000  -18.580000 1
-10.760000  -6.620000 2
-15.670000  -1.230000 2
26.450000  -3.940000 0
-6.210000  -17.510000 1
18.380000  15.160000 0
1.070000  -17.770000 1
1.750000  -9.220000 1
-4.310000  -17.070000 1
0.650000  20.820000 0
13.430000  -18.020000 1
-13.270000  -5.220000 2
-22.500000  0.820000 2
23.400000  -1.020000 0
-8.890000  1.570000 2
14.970000  15.320000 0
7.500000  -14.390000 1
7.060000  -7.670000 1
-23.420000  8.730000 2
5.820000  18.500000 0
-17.350000  10.650000 2
-7.500000  5.150000 2
-7.040000  12.800000 2
17.760000  10.050000 0
-8.550000  14.440000 2
-3.160000  18.970000 2
-15.140000  6.690000 2
-2.650000  -1.770000 1
-16.040000  13.870000 2
-1.090000  -1.750000 1
27.570000  4.130000 0
14.170000  -18.810000 1
-4.230000  -17.730000 1
1.350000  -13.720000 1
-20.540000  0.040000 2
-7.080000  1.420000 2
9.720000  -16.840000 1
3.660000  20.540000 0
-0.620000  24.850000 0
-12.370000  -1.530000 2
-10.070000  -5.360000 2
-5.250000  -19.550000 1
-8.130000  4.390000 2
-13.280000  -8.860000 2
1.110000  21.340000 0
5.590000  -11.560000 1
-12.360000  -3.600000 2
5.500000  13.620000 0
-16.320000  -3.370000 2
-20.750000  -1.930000 2
1.890000  -16.650000 1
-25.420000  0.550000 2
-20.430000  -1.710000 2
28.890000  2.740000 0
14.120000  16.930000 0
14.670000  14.970000 0
19.180000  11.190000 0
25.970000  2.570000 0
-3.230000  -11.350000 1
11.390000  -20.410000 1
5.330000  1.090000 0
1.980000  20.730000 0
-6.920000  -13.630000 1
-5.500000  2.770000 2
-15.540000  -7.830000 2
-4.800000  4.520000 2
-15.040000  -3.740000 2
3.440000  24.580000 0
0.520000  18.000000 0
8.280000  -25.340000 1
2.640000  -14.250000 1
20.560000  5.270000 0
-20.470000  -0.580000 2
-16.020000  -6.290000 2
6.880000  -20.620000 1
0.960000  -14.200000 1
26.410000  -4.160000 0
13.960000  16.810000 0
-25.220000  -2.730000 2
10.930000  -23.100000 1
-15.980000  -2.730000 2
-7.230000  -6.070000 1
10.130000  -20.740000 1
-1.980000  -17.410000 1
17.350000  11.240000 0
1.940000  -4.450000 1
30.400000  7.810000 0
-10.430000  1.050000 2
3.470000  -25.260000 1
20.690000  -6.390000 0
1.190000  20.310000 0
-10.210000  11.640000 2
-22.370000  3.870000 2
17.110000  17.600000 0
-7.890000  -13.310000 1
14.960000  15.660000 0
15.210000  -12.600000 1
4.370000  -17.020000 1
-7.860000  -1.300000 2
29.470000  9.380000 0
28.100000  -0.710000 0
0.150000  -16.000000 1
-13.710000  -5.060000 2
-7.030000  1.150000 2
-11.440000  -6.760000 2
-12.940000  -11.100000 1
-13.460000  11.420000 2
5.180000  -11.910000 1
0.810000  -0.980000 1
-2.190000  -13.940000 1
28.850000  1.680000 0
-6.870000  8.280000 2
-4.930000  1.730000 2
26.840000  -1.230000 0
2.290000  7.590000 0
2.480000  24.060000 0
3.420000  -11.960000 1
-0.100000  -8.260000 1
-23.690000  -1.830000 2
-5.280000  25.000000 2
-6.060000  2.430000 2
-7.640000  -11.210000 1
-21.290000  1.750000 2
17.780000  -3.770000 0
-10.190000  -2.930000 2
20.820000  10.950000 0
2.550000  -8.560000 1
0.140000  -1.070000 1
-19.390000  9.700000 2
-0.790000  24.950000 0
2.510000  -10.460000 1
-7.150000  -1.890000 2
-17.380000  8.310000 2
21.990000  -9.720000 1
-1.520000  -8.060000 1
14.060000  8.070000 0
3.380000  -5.470000 1
-3.760000  -8.220000 1
-13.670000  11.030000 2
4.540000  24.040000 0
4.500000  -8.460000 1
-6.070000  -5.920000 1
-9.300000  13.630000 2
22.100000  -8.120000 0
-0.430000  -5.940000 1
16.160000  10.170000 0
6.250000  -4.700000 1
5.090000  6.870000 0
-14.630000  11.360000 2
7.510000  16.990000 0
-10.660000  10.800000 2
-15.220000  1.130000 2
-3.450000  0.500000 2
10.030000  11.120000 0
-12.270000  5.250000 2
-2.660000  22.560000 2
-13.240000  10.230000 2
-4.830000  1.530000 2
-20.690000  11.770000 2
-5.490000  -1.860000 2
19.180000  -6.370000 0
-1.310000  -3.420000 1
7.200000  -1.920000 1
-4.350000  -16.600000 1
-20.670000  6.620000 2
-1.570000  -4.430000 1
1.510000  -7.790000 1
2.810000  26.520000 0
5.370000  21.460000 0
-10.400000  -6.220000 2
-11.650000  -8.530000 1
2.530000  -7.110000 1
-7.020000  2.620000 2
-12.460000  -5.140000 2
-5.400000  26.160000 2
-0.250000  -3.360000 1
-11.760000  -1.970000 2
11.160000  7.330000 0
-14.190000  4.550000 2
-11.390000  9.720000 2
6.180000  -0.640000 1
-13.910000  9.680000 2
-12.830000  9.180000 2
22.580000  -4.810000 0
19.400000  12.780000 0
16.820000  8.040000 0
17.600000  11.910000 0
20.220000  -6.140000 0
-21.100000  10.880000 2
-0.470000  -8.070000 1
-5.330000  6.140000 2
2.170000  18.850000 0
-11.950000  7.040000 2
-5.790000  0.200000 2
-5.580000  -9.900000 1
-6.840000  -3.520000 2
-9.010000  -8.390000 1
-0.900000  23.850000 0
0.090000  27.080000 0
6.420000  -12.740000 1
8.840000  0.690000 0
21.070000  9.400000 0
-13.560000  8.270000 2
-6.030000  -2.880000 2
12.660000  -12.080000 1
-5.280000  -14.130000 1
17.350000  1.060000 0
13.590000  10.930000 0
-12.820000  8.030000 2
-0.340000  -10.610000 1
-15.960000  3.850000 2
-11.810000  8.900000 2
1.410000  -11.220000 1
-1.550000  -2.290000 1
12.780000  13.260000 0
-2.300000  9.160000 2
21.290000  -4.470000 0
-15.180000  3.440000 2
1.320000  -5.850000 1
20.790000  -7.140000 0
2.860000  22.430000 0
-7.050000  -3.150000 2
-12.040000  6.380000 2
20.860000  11.230000 0
-6.600000  10.800000 2
21.140000  -3.910000 0
2.270000  -3.640000 1
4.830000  -6.230000 1
-5.030000  -2.070000 2
14.940000  -3.370000 0
21.580000  -4.090000 0
2.870000  -2.320000 1
-6.510000  -4.130000 1
-1.480000  8.150000 2
-11.140000  -6.830000 2
3.070000  -9.820000 1
0.500000  -9.890000 1
-1.390000  -11.220000 1
-11.080000  13.290000 2
8.450000  -1.390000 1
20.320000  -1.850000 0
-2.530000  -4.040000 1
0.600000  -9.410000 1
19.010000  -9.500000 1
-12.840000  9.460000 2
0.610000  22.330000 0
-5.930000  8.750000 2
-14.730000  12.650000 2
-7.940000  -2.250000 2
-3.520000  24.010000 2
-0.880000  -5.650000 1
-3.120000  -3.820000 1
-13.990000  13.460000 2
19.370000  -6.430000 0
-1.960000  6.280000 2
14.000000  12.260000 0
-5.830000  -18.470000 1
3.550000  -7.980000 1
-7.950000  9.950000 2
0.130000  21.950000 0
-0.220000  -4.000000 1
-5.140000  -7.460000 1
-19.230000  6.430000 2
11.840000  -7.640000 1
-10.000000  14.460000 2
12.620000  14.610000 0
-7.220000  -22.230000 1
3.840000  -2.860000 1
-8.670000  14.060000 2
-6.470000  18.300000 2
1.620000  -6.450000 1
-8.190000  -3.000000 2
-12.070000  2.280000 2
22.320000  -1.330000 0
-13.650000  10.910000 2
13.100000  17.260000 0
-2.460000  -16.000000 1
-3.830000  -2.180000 1
-13.670000  9.330000 2
0.210000  22.180000 0
-6.090000  -4.820000 1
-11.890000  2.320000 2
-11.300000  14.410000 2
14.080000  11.730000 0
-11.530000  11.770000 2
-6.240000  23.160000 2
-19.450000  12.570000 2
6.020000  -1.620000 1
-8.380000  6.200000 2
0.330000  -5.750000 1
19.170000  -2.810000 0
7.420000  -3.640000 1
3.770000  -16.610000 1
-4.310000  -20.190000 1
-17.910000  5.680000 2
-13.310000  12.160000 2
11.960000  -2.820000 0
-2.510000  24.690000 0
-4.970000  29.190000 2
-10.330000  -8.230000 1
-4.990000  -5.280000 1
-5.740000  -16.640000 1
3.220000  0.230000 1
-12.710000  -5.460000 2
3.650000  21.210000 0
9.680000  -2.930000 1
-6.290000  -5.750000 1
12.960000  8.220000 0
-15.100000  7.960000 2
-19.610000  10.280000 2
-1.390000  -19.310000 1
-10.960000  7.780000 2
-11.770000  6.720000 2
24.740000  -2.540000 0
12.770000  15.170000 0
18.360000  12.400000 0
12.480000  16.080000 0
14.670000  -9.160000 1
-14.000000  13.980000 2
12.100000  -1.100000 0
-8.410000  7.440000 2
1.720000  18.900000 0
-19.140000  10.210000 2
-7.970000  13.550000 2
-10.530000  -4.200000 2
1.050000  -1.180000 1
-12.950000  -2.860000 2
-8.630000  18.050000 2
-1.730000  20.170000 0
8.260000  -5.300000 1
-5.480000  -20.930000 1
14.410000  12.420000 0
-14.220000  5.800000 2
-3.240000  -0.150000 2
4.970000  -4.730000 1
-2.090000  -20.900000 1
16.850000  -6.480000 1
17.710000  6.110000 0
-9.380000  1.220000 2
8.950000  -1.760000 1
-8.250000  4.520000 2
-10.220000  14.700000 2
0.430000  -9.300000 1
2.680000  -19.360000 1
16.350000  14.410000 0
2.340000  -6.220000 1
18.550000  -2.040000 0
-19.460000  4.320000 2
7.910000  -11.540000 1
19.830000  -3.560000 0
-8.720000  19.220000 2
-11.480000  17.150000 2
-16.960000  6.480000 2
17.490000  12.610000 0
-9.190000  11.310000 2
14.500000  13.930000 0
-0.200000  -6.260000 1
-4.630000  -20.410000 1
-10.620000  6.570000 2
15.660000  0.240000 0
24.390000  -0.830000 0
-2.960000  -17.470000 1
-7.640000  -8.760000 1
6.520000  -2.380000 1
-18.970000  -9.240000 2
-7.410000  -5.110000 1
-1.820000  2.550000 2
-6.380000  -22.220000 1
-20.820000  12.350000 2
-12.220000  13.230000 2
12.410000  -6.250000 1
2.100000  -1.550000 1
3.650000  -10.380000 1
15.060000  -4.330000 0
-18.440000  16.360000 2
-2.940000  24.660000 2
2.430000  -6.710000 1
-13.790000  11.450000 2
5.720000  -6.560000 1
3.120000  23.420000 0
10.300000  -26.090000 1
-11.270000  -5.610000 2
-15.870000  -1.450000 2
23.260000  -10.440000 1
4.450000  1.620000 0
16.790000  12.710000 0
-1.580000  -17.670000 1
-5.900000  1.220000 2
2.370000  2.540000 0
-0.910000  11.520000 2
13.700000  -16.000000 1
-10.570000  -2.930000 2
-18.630000  7.780000 2
27.160000  -9.280000 0
2.480000  0.260000 1
19.300000  13.880000 0
2.130000  -18.910000 1
-1.260000  3.810000 2
7.590000  1.640000 0
7.550000  21.130000 0
18.140000  -11.140000 1
-14.470000  -2.790000 2
-14.600000  -3.250000 2
17.060000  -3.710000 0
0.780000  -2.680000 1
17.320000  13.770000 0
4.020000  -12.870000 1
-3.240000  3.490000 2
1.740000  7.270000 0
4.940000  19.350000 0
10.320000  3.060000 0
18.230000  3.160000 0
6.300000  -13.630000 1
20.270000  18.190000 0
8.410000  -8.100000 1
-0.060000  25.010000 0
0.990000  -4.460000 1
-3.630000  -2.530000 1
8.480000  1.290000 0
-3.680000  0.100000 2
18.360000  -10.620000 1
10.250000  -22.210000 1
14.610000  -7.230000 1
7.980000  -8.370000 1
-11.730000  6.720000 2
4.420000  -9.680000 1
10.370000  -19.540000 1
7.690000  22.410000 0
-0.040000  13.200000 0
-15.090000  -5.900000 2
-10.970000  -8.200000 1
4.130000  -16.210000 1
-0.530000  -6.230000 1
-10.100000  -8.450000 1
14.570000  9.410000 0
0.570000  -24.210000 1
-9.730000  -3.090000 2
11.860000  18.120000 0
-24.380000  6.560000 2
-21.920000  -0.100000 2
0.560000  -17.040000 1
-24.340000  6.380000 2
-23.380000  -4.100000 2
15.730000  -5.910000 1
15.430000  14.770000 0
17.540000  8.710000 0
15.200000  15.790000 0
22.360000  -6.700000 0
5.300000  -0.300000 1
15.150000  -14.170000 1
9.720000  6.000000 0
8.410000  20.050000 0
5.220000  -3.090000 1
11.510000  1.840000 0
-13.590000  -9.860000 2
-3.390000  1.780000 2
-6.130000  -5.600000 1
5.750000  17.810000 0
3.880000  23.170000 0
0.660000  -26.310000 1
3.780000  -13.540000 1
17.950000  15.650000 0
-20.920000  2.180000 2
-9.760000  1.370000 2
8.040000  -14.940000 1
9.780000  -9.910000 1
25.190000  -6.750000 0
19.940000  8.790000 0
-21.280000  4.760000 2
9.890000  -16.900000 1
-5.160000  -3.670000 1
1.040000  2.560000 2
13.840000  -18.480000 1
7.720000  -14.600000 1
15.200000  16.860000 0
0.350000  -8.660000 1
19.530000  -5.600000 0
-9.660000  -0.170000 2
14.800000  -17.530000 1
7.760000  -11.810000 1
4.220000  22.600000 0
-3.650000  6.840000 2
-16.820000  -8.990000 2
23.090000  10.530000 0
9.840000  -2.770000 1
18.230000  8.140000 0
10.740000  -22.240000 1
5.710000  -12.490000 1
0.980000  -11.110000 1
14.950000  -0.670000 0
16.000000  -9.870000 1
12.700000  -8.230000 1
-13.840000  -9.820000 2
10.130000  -9.450000 1
-13.320000  -7.430000 2
-12.400000  -8.590000 2
7.860000  -8.360000 1
-2.390000  -19.880000 1
9.210000  -0.350000 0
3.850000  -0.180000 1
23.410000  2.570000 0
-2.680000  4.840000 2
7.230000  -4.730000 1
13.810000  -11.330000 1
1.620000  3.610000 0
3.370000  17.290000 0
-1.000000  4.700000 2
8.340000  -11.090000 1
3.550000  -3.610000 1
-3.260000  19.710000 2
2.510000  -26.790000 1
-11.550000  -8.670000 1
-5.390000  2.000000 2
28.220000  3.120000 0
-3.820000  -19.820000 1
9.080000  21.020000 0
-2.340000  -16.210000 1
4.300000  0.970000 1
-19.500000  13.920000 2
-4.090000  26.520000 2
-2.510000  -20.440000 1
-13.540000  -9.740000 2
-21.080000  -1.630000 2
29.810000  -4.170000 0
-1.470000  -8.180000 1
8.060000  19.790000 0
-2.890000  -21.300000 1
8.310000  -3.830000 1
-8.890000  14.900000 2
4.270000  18.070000 0
4.190000  -26.280000 1
-9.860000  -4.880000 2
-22.170000  1.730000 2
25.740000  2.470000 0
-1.350000  -10.510000 1
14.570000  11.390000 0
-6.830000  -22.780000 1
10.320000  -8.000000 1
-11.340000  13.610000 2
3.930000  25.280000 0
-16.510000  15.520000 2
-7.810000  -21.750000 1
8.230000  -12.300000 1
11.170000  18.490000 0
-4.470000  -21.520000 1
3.570000  23.550000 0
-11.050000  9.120000 2
-5.760000  1.440000 2
-17.700000  14.580000 2
-5.560000  3.310000 2
28.950000  3.140000 0
12.400000  -9.470000 1
-8.150000  -18.070000 1
-3.140000  -17.060000 1
-20.490000  0.230000 2
-1.300000  -16.420000 1
7.540000  -18.940000 1
1.800000  17.800000 0
5.360000  17.280000 0
-12.580000  -11.880000 1
-0.170000  5.950000 2
2.800000  -16.460000 1
0.980000  5.020000 2
-9.380000  -6.720000 1
3.660000  21.720000 0
-0.030000  -3.030000 1
-7.420000  -8.840000 1
20.480000  6.270000 0
-13.840000  -6.590000 2
-12.340000  -5.800000 2
-7.400000  -20.610000 1
-18.690000  -1.550000 2
-16.320000  -7.040000 2
26.980000  -0.910000 0
19.680000  12.760000 0
13.870000  15.070000 0
11.250000  17.270000 0
28.860000  -0.720000 0
-16.600000  16.670000 2
0.840000  -21.510000 1
-2.990000  -13.490000 1
6.740000  22.410000 0
-12.510000  11.080000 2
-3.720000  -17.090000 1
-3.790000  -3.840000 1
-6.120000  -6.860000 1
-3.170000  -1.970000 1
11.650000  13.130000 0
-5.140000  21.250000 2
11.010000  -12.800000 1
-5.250000  -18.700000 1
19.000000  18.400000 0
-21.410000  -0.470000 2
-11.790000  -12.310000 1
9.330000  -19.700000 1
0.800000  -17.360000 1
25.290000  13.650000 0
11.080000  17.440000 0
-19.180000  -0.900000 2
10.330000  -25.300000 1
-21.470000  1.230000 2
-12.610000  8.240000 2
9.010000  -22.510000 1
-1.200000  -21.260000 1
13.280000  17.030000 0
2.000000  -3.660000 1
25.410000  2.350000 0
-13.950000  1.640000 2
5.720000  -26.030000 1
25.680000  4.370000 0
-2.870000  22.760000 2
-4.250000  -14.610000 1
-17.430000  -1.720000 2
18.840000  2.370000 0
-16.930000  12.730000 2
17.410000  16.200000 0
6.220000  -26.120000 1
-0.010000  -18.590000 1
1.670000  -12.000000 1
27.270000  -0.560000 0
28.760000  -0.360000 0
-2.310000  -19.240000 1
-4.090000  -2.760000 1
-1.590000  -5.490000 1
-7.390000  -6.960000 1
-13.430000  -5.300000 2
-9.300000  -15.060000 1
-7.840000  -20.160000 1
-14.800000  13.820000 2
-2.110000  -12.940000 1
29.560000  3.930000 0
-1.720000  -3.540000 1
0.150000  7.710000 2
26.430000  9.500000 0
-11.470000  16.040000 2
6.790000  20.920000 0
1.040000  -4.350000 1
-20.860000  12.020000 2
10.420000  -6.830000 1
2.910000  -5.780000 1
-12.270000  -11.280000 1
-19.260000  9.030000 2
28.230000  9.630000 0
-9.450000  3.470000 2
12.530000  17.750000 0
5.180000  -8.550000 1
-8.950000  5.010000 2
-19.550000  10.890000 2
-3.640000  24.950000 2
-1.880000  -7.000000 1
-7.050000  1.100000 2
-17.970000  7.820000 2
28.760000  6.930000 0
-13.140000  13.580000 2
15.770000  17.160000 0
-3.110000  -13.930000 1
-9.530000  0.880000 2
-20.110000  13.930000 2
-4.440000  22.740000 2
7.750000  -5.240000 1
-15.940000  -11.070000 2
-20.210000  6.100000 2
20.430000  5.510000 0
-13.170000  13.610000 2
10.330000  15.980000 0
0.340000  -13.090000 1
-7.200000  3.900000 2
-21.800000  8.930000 2
0.680000  24.470000 0
-24.950000  13.180000 2
-15.070000  16.850000 2
-13.830000  12.690000 2
15.310000  16.460000 0
-15.870000  14.990000 2
-6.440000  22.790000 2
-17.730000  14.970000 2
-11.400000  5.160000 2
-21.220000  14.260000 2
-6.500000  -1.720000 2
22.700000  3.640000 0
-7.890000  0.970000 2
3.520000  -14.780000 1
2.810000  -12.750000 1
-14.380000  6.480000 2
-14.670000  17.850000 2
-5.200000  2.490000 2
-14.020000  -13.630000 1
2.410000  -12.670000 1
-11.540000  3.840000 2
-13.130000  -6.000000 2
-4.590000  22.960000 2
-0.290000  -0.100000 1
-11.250000  -10.810000 1
9.670000  17.120000 0
-20.080000  4.540000 2
-19.650000  8.100000 2
0.560000  -14.030000 1
-13.930000  10.810000 2
-17.070000  12.490000 2
16.780000  6.690000 0
17.430000  16.010000 0
14.010000  15.700000 0
13.240000  15.120000 0
19.890000  -0.140000 0
-18.310000  10.680000 2
-5.080000  -3.490000 1
-14.360000  11.310000 2
-10.300000  24.080000 2
-21.040000  10.020000 2
-14.880000  14.460000 2
-16.300000  -3.590000 2
-8.740000  6.150000 2
-12.130000  -10.500000 1
-6.990000  19.820000 2
-7.190000  23.950000 2
-2.520000  -2.360000 1
-2.560000  -17.740000 1
10.640000  16.600000 0
-7.910000  14.160000 2
-11.970000  -11.250000 1
3.780000  -4.560000 1
21.650000  14.010000 0
19.930000  8.220000 0
-21.630000  8.550000 2
-1.970000  -5.460000 1
-12.770000  10.260000 2
-13.750000  14.180000 2
-2.200000  -5.850000 1
5.360000  -14.120000 1
16.560000  11.850000 0
-6.430000  4.910000 2
13.680000  6.690000 0
-17.160000  4.150000 2
-3.930000  -1.430000 2
22.450000  -1.480000 0
-4.140000  23.010000 2
-12.300000  3.680000 2
-17.410000  12.170000 2
15.680000  16.120000 0
-22.690000  14.440000 2
15.910000  16.550000 0
-0.370000  -0.900000 1
3.260000  -12.340000 1
-13.790000  16.490000 2
27.240000  3.140000 0
20.530000  4.850000 0
-1.450000  -14.990000 1
-12.200000  -5.970000 2
-7.810000  7.410000 2
-11.210000  -7.310000 2
-13.640000  -11.250000 1
-12.590000  18.630000 2
1.290000  -14.240000 1
-17.650000  16.200000 2
-16.830000  12.770000 2
13.620000  -3.890000 0
24.450000  -2.850000 0
-10.830000  7.100000 2
-12.360000  20.100000 2
-9.110000  0.970000 2
-21.180000  10.510000 2
-11.760000  4.730000 2
1.010000  21.120000 0
6.540000  -15.940000 1
-11.530000  -4.250000 2
-23.140000  5.440000 2
17.000000  -1.860000 0
1.740000  -12.010000 1
12.790000  16.640000 0
-5.360000  -18.290000 1
1.530000  -3.920000 1
-12.880000  -0.960000 2
3.760000  26.310000 0
8.850000  -17.000000 1
-8.670000  -7.680000 1
-23.390000  5.350000 2
14.490000  1.050000 0
-4.620000  -10.560000 1
11.120000  19.380000 0
-0.040000  -16.000000 1
-11.210000  -15.330000 1
-10.900000  7.630000 2
2.140000  22.900000 0
8.690000  -24.760000 1
-15.190000  -3.070000 2
-24.580000  3.210000 2
21.260000  1.020000 0
-4.030000  6.210000 2
17.200000  12.430000 0
-1.260000  -14.460000 1
-8.310000  0.710000 2
-12.300000  7.380000 2
-2.840000  23.970000 2
-7.920000  -0.140000 2
3.380000  -4.790000 1
1.260000  -7.670000 1
18.890000  6.020000 0
9.150000  -10.920000 1
7.120000  25.650000 0
-13.060000  6.920000 2
-4.520000  -0.580000 2
-8.560000  4.910000 2
-3.840000  -6.490000 1
16.470000  6.660000 0
9.160000  -19.760000 1
-4.960000  -15.270000 1
-3.030000  -14.760000 1
-24.180000  2.590000 2
-6.650000  -1.000000 2
12.570000  -22.270000 1
4.710000  18.380000 0
0.300000  20.040000 0
-5.550000  -15.180000 1
-9.450000  -17.400000 1
-15.500000  -7.960000 2
-5.090000  27.380000 2
17.160000  -11.660000 1
-14.280000  -5.140000 2
16.590000  7.090000 0
-31.170000  8.260000 2
-28.400000  3.180000 2
-3.810000  -19.750000 1
-28.860000  7.510000 2
-28.830000  4.410000 2
18.100000  0.150000 0
15.340000  12.440000 0
17.280000  8.040000 0
19.790000  11.140000 0
5.110000  -7.810000 1
-9.670000  10.370000 2
6.920000  -25.260000 1
3.770000  0.820000 1
-3.310000  22.170000 2
-11.300000  -4.460000 2
2.400000  -12.640000 1
-13.000000  -3.620000 2
-10.210000  -2.420000 2
-19.140000  -0.760000 2
1.400000  28.030000 0
-0.680000  30.090000 0
13.170000  -19.230000 1
-4.510000  -15.940000 1
23.700000  7.620000 0
-24.800000  4.770000 2
-16.820000  -7.660000 2
5.200000  -23.770000 1
2.300000  -15.310000 1
17.340000  -1.490000 0
17.750000  12.010000 0
-27.880000  4.250000 2
1.250000  -22.280000 1
-3.200000  -13.080000 1
-7.750000  4.830000 2
7.970000  -23.310000 1
1.460000  -15.790000 1
13.630000  12.120000 0
-6.420000  -3.770000 2
20.190000  -6.290000 0
-27.080000  6.020000 2
14.420000  -15.640000 1
23.320000  2.900000 0
-0.760000  21.870000 0
1.390000  -2.260000 1
-27.480000  4.680000 2
19.400000  7.990000 0
-19.520000  9.340000 2
15.090000  15.890000 0
11.640000  -21.650000 1
-7.740000  -19.550000 1
3.380000  11.430000 0
26.040000  9.180000 0
14.350000  3.200000 0
-2.180000  -14.920000 1
-15.260000  -6.460000 2
-5.160000  -9.980000 1
-6.050000  -9.690000 1
-9.120000  -3.960000 2
1.990000  -9.500000 1
-7.420000  -18.120000 1
-17.130000  0.710000 2
9.320000  2.570000 0
23.770000  3.230000 0
-5.990000  -5.450000 1
-8.510000  -5.280000 2
17.580000  -7.210000 1
-2.290000  2.420000 2
-0.360000  26.170000 0
-0.400000  -11.840000 1
-17.400000  -1.220000 2
-4.340000  -7.000000 1
0.400000  22.690000 0
5.720000  -14.600000 1
-12.200000  -6.620000 2
-26.150000  6.180000 2
26.760000  1.870000 0
-0.820000  14.200000 2
5.380000  19.600000 0
-7.030000  -18.980000 1
-12.040000  2.340000 2
-14.580000  16.420000 2
2.310000  18.230000 0
6.180000  -10.940000 1
-16.440000  -12.440000 1
-25.340000  1.860000 2
27.290000  9.040000 0
-5.580000  11.010000 2
17.910000  13.460000 0
-1.410000  -17.030000 1
0.030000  -8.900000 1
-17.070000  10.180000 2
2.350000  17.620000 0
8.380000  -15.600000 1
-18.050000  -13.390000 2
-25.850000  10.810000 2
21.020000  1.030000 0
-3.930000  -10.720000 1
17.810000  12.420000 0
-0.570000  -15.910000 1
-3.240000  -16.090000 1
-6.540000  12.620000 2
-0.970000  12.170000 2
-18.010000  13.720000 2
-6.580000  4.870000 2
-9.230000  -10.310000 1
17.500000  12.580000 0
-6.020000  -17.390000 1
2.970000  22.710000 0
-16.430000  12.220000 2
-4.380000  -7.940000 1
-17.980000  11.480000 2
-3.160000  -10.300000 1
27.990000  10.210000 0
5.350000  -22.430000 1
-5.910000  -16.710000 1
-6.030000  -20.010000 1
-11.490000  -26.050000 1
8.150000  8.700000 0
4.910000  -16.660000 1
-0.770000  22.860000 0
-0.330000  19.390000 0
-18.830000  -11.240000 2
-15.360000  -11.000000 2
-1.760000  -20.590000 1
-2.290000  -13.510000 1
-12.980000  -7.260000 2
0.520000  16.570000 0
6.960000  -26.440000 1
-18.880000  -9.170000 2
13.790000  14.100000 0
-26.490000  12.190000 2
-23.850000  -5.610000 2
-4.320000  -19.020000 1
-23.410000  -2.770000 2
-28.390000  6.510000 2
26.160000  12.670000 0
15.600000  11.470000 0
19.020000  12.040000 0
19.400000  10.940000 0
27.360000  3.800000 0
-17.220000  11.300000 2
10.000000  -17.350000 1
8.040000  -7.080000 1
2.740000  13.720000 0
-14.430000  8.560000 2
-6.230000  7.740000 2
-19.870000  -11.640000 2
-8.880000  -16.230000 1
-17.090000  -9.140000 2
-3.810000  11.780000 2
-3.450000  17.160000 2
5.500000  -26.840000 1
-7.950000  -17.070000 1
13.510000  12.770000 0
-23.650000  -10.920000 2
-19.760000  -7.330000 2
0.120000  -20.340000 1
-2.660000  -17.000000 1
28.980000  1.210000 0
15.260000  11.100000 0
-22.980000  -1.350000 2
10.770000  -22.540000 1
-22.000000  -0.210000 2
-19.440000  11.250000 2
12.420000  -19.360000 1
-2.240000  -18.720000 1
17.180000  9.560000 0
-10.510000  -14.780000 1
27.800000  6.520000 0
-23.190000  0.950000 2
14.620000  -7.850000 1
29.520000  6.810000 0
2.570000  19.230000 0
-3.360000  -9.670000 1
-23.280000  -12.890000 2
15.400000  13.870000 0
-22.320000  10.990000 2
16.520000  11.600000 0
13.480000  -3.440000 0
-8.870000  -17.090000 1
-0.540000  -8.270000 1
23.890000  6.140000 0
29.980000  8.010000 0
-0.760000  -18.780000 1
-9.150000  -0.400000 2
-1.350000  -5.600000 1
-15.790000  -6.110000 2
-21.910000  -10.790000 2
4.830000  -1.620000 1
-7.520000  -21.250000 1
-18.630000  7.690000 2
-3.590000  -9.020000 1
28.120000  9.990000 0
1.000000  -17.330000 1
-4.190000  -12.910000 1
16.370000  1.760000 0
-23.350000  13.530000 2
-2.600000  7.390000 2
-5.250000  -17.640000 1
-12.110000  8.860000 2
-4.560000  -13.070000 1
3.130000  24.090000 0
-1.690000  1.990000 2
-10.980000  -5.380000 2
-30.260000  0.150000 2
23.460000  11.090000 0
-9.570000  16.110000 2
9.360000  0.900000 0
-4.620000  -18.500000 1
2.730000  -10.010000 1
-20.590000  13.900000 2
8.280000  24.390000 0
6.710000  -17.120000 1
-8.550000  0.140000 2
-25.850000  5.910000 2
20.530000  17.860000 0
-12.560000  6.130000 2
10.840000  2.770000 0
-8.850000  -17.230000 1
1.670000  -13.350000 1
-21.330000  11.620000 2
5.240000  27.910000 0
-2.590000  7.190000 2
-10.110000  -5.570000 2
-21.230000  6.160000 2
18.370000  7.270000 0
2.010000  4.560000 0
10.990000  8.740000 0
-12.690000  -18.400000 1
2.820000  -13.780000 1
-20.160000  13.430000 2
-2.770000  28.990000 0
-19.350000  13.020000 2
-4.960000  5.040000 2
1.330000  4.050000 2
11.990000  8.990000 0
-6.080000  -4.370000 1
9.340000  13.650000 0
-14.120000  11.250000 2
-1.520000  -14.960000 1
-11.740000  11.060000 2
2.820000  -14.030000 1
24.550000  12.460000 0
10.280000  -23.550000 1
-9.120000  -13.020000 1
-12.690000  -16.020000 1
-26.630000  4.970000 2
-4.090000  6.490000 2
5.680000  -26.880000 1
6.450000  26.140000 0
6.500000  25.290000 0
-17.760000  -0.410000 2
-15.160000  8.480000 2
-10.050000  -19.160000 1
-0.750000  -13.320000 1
-12.350000  0.920000 2
-0.650000  24.620000 0
1.980000  1.710000 1
-15.170000  1.680000 2
16.850000  11.890000 0
-18.120000  -2.920000 2
-24.280000  6.210000 2
-6.330000  -19.130000 1
-25.500000  9.140000 2
-28.370000  12.040000 2
23.410000  10.740000 0
13.100000  11.170000 0
13.690000  11.250000 0
14.910000  11.220000 0
29.480000  6.670000 0
-14.780000  10.940000 2
4.110000  -24.450000 1
-0.410000  13.560000 0
5.010000  20.330000 0
-19.400000  13.320000 2
8.890000  7.570000 0
-17.650000  -7.710000 2
3.030000  -6.700000 1
-12.680000  10.820000 2
-1.420000  22.160000 0
-0.910000  22.740000 0
4.370000  -7.780000 1
-8.380000  -20.510000 1
13.840000  4.310000 0
-25.110000  2.190000 2
-10.270000  -5.220000 2
1.410000  -19.970000 1
-1.480000  -18.480000 1
24.750000  10.310000 0
16.700000  4.730000 0
-21.810000  -8.950000 2
2.580000  -25.340000 1
-23.670000  3.350000 2
-19.650000  13.870000 2
7.690000  -23.180000 1
0.030000  -15.410000 1
11.780000  1.810000 0
-6.690000  -16.440000 1
21.000000  13.260000 0
-22.600000  9.350000 2
10.780000  -21.910000 1
28.840000  2.010000 0
5.200000  26.770000 0
10.490000  -3.530000 1
-26.400000  1.390000 2
11.430000  7.660000 0
-18.100000  10.850000 2
10.420000  14.490000 0
11.170000  -17.890000 1
-2.780000  -17.480000 1
-1.910000  -7.300000 1
25.200000  11.240000 0
26.460000  11.210000 0
0.680000  -15.000000 1
-13.680000  5.590000 2
-7.860000  -12.760000 1
-14.100000  -2.610000 2
-14.630000  -2.810000 2
-1.020000  13.600000 2
-6.660000  -18.240000 1
-18.880000  7.510000 2
-11.390000  -2.440000 2
25.370000  9.050000 0
4.920000  -18.100000 1
3.670000  -10.910000 1
28.630000  9.730000 0
-10.090000  10.810000 2
9.250000  16.640000 0
-3.450000  -11.680000 1
-7.300000  19.960000 2
-4.900000  -1.390000 2
-9.770000  -4.820000 2
-17.700000  5.220000 2
18.090000  -2.960000 0
-12.530000  7.070000 2
11.700000  18.570000 0
5.860000  -10.890000 1
-12.490000  4.090000 2
-21.450000  10.390000 2
-3.650000  19.200000 2
-5.530000  4.690000 2
-6.510000  -4.700000 1
-21.390000  7.400000 2
25.790000  -0.540000 0
-13.060000  12.900000 2
9.790000  19.850000 0
1.690000  -10.390000 1
-8.000000  -0.230000 2
-22.960000  10.750000 2
-1.400000  18.150000 2
-3.120000  -0.830000 2
-13.310000  -7.330000 2
-18.580000  1.020000 2
25.030000  -3.710000 0
-8.580000  15.240000 2
11.260000  19.750000 0
2.470000  -12.900000 1
-8.450000  0.660000 2
-22.170000  10.810000 2
-0.570000  20.740000 0
-24.540000  13.510000 2
-13.940000  13.530000 2
-13.900000  11.850000 2
13.180000  15.770000 0
-8.070000  12.230000 2
-1.800000  21.570000 0
-20.600000  11.820000 2
-4.080000  4.620000 2
-22.380000  13.240000 2
-7.090000  2.580000 2
26.690000  0.670000 0
-5.130000  10.350000 2
-3.030000  -14.840000 1
5.510000  -9.540000 1
-21.460000  3.320000 2
-16.680000  14.040000 2
-6.800000  10.710000 2
-1.690000  22.720000 0
-3.800000  20.320000 2
-15.390000  -12.410000 1
-12.890000  -8.240000 2
6.310000  -11.250000 1
4.220000  5.100000 0
-13.470000  -9.540000 2
-5.300000  28.620000 2
-7.620000  10.500000 2
-11.380000  -11.100000 1
10.540000  24.780000 0
-18.390000  3.110000 2
-20.050000  6.600000 2
-0.870000  -16.790000 1
-23.220000  5.120000 2
-27.880000  5.620000 2
23.640000  -2.230000 0
16.240000  16.120000 0
10.620000  20.210000 0
17.130000  15.540000 0
25.740000  -2.530000 0
-21.730000  13.250000 2
-7.340000  10.460000 2
-6.400000  11.720000 2
-5.740000  24.320000 2
-24.930000  11.080000 2
-3.840000  11.020000 2
-11.620000  -10.730000 1
-7.090000  0.170000 2
-14.390000  -9.690000 2
-6.610000  26.980000 2
-0.990000  20.700000 0
-7.720000  14.100000 2
-4.610000  -11.190000 1
14.460000  20.700000 0
-20.510000  3.260000 2
-6.520000  -1.130000 2
-8.570000  -0.260000 2
-1.500000  -13.590000 1
26.750000  0.980000 0
14.130000  17.980000 0
-22.020000  1.000000 2
-2.980000  0.180000 2
-21.330000  6.350000 2
-19.080000  13.220000 2
-7.350000  6.210000 2
-2.350000  -11.730000 1
14.670000  18.660000 0
-5.710000  -0.940000 2
25.100000  -4.110000 0
-19.420000  7.940000 2
-5.260000  14.220000 2
24.410000  -4.990000 0
-2.480000  22.920000 2
-14.620000  10.850000 2
-21.720000  0.530000 2
17.030000  17.170000 0
-24.310000  10.630000 2
18.410000  13.480000 0
-7.610000  4.410000 2
1.720000  -8.330000 1
-14.860000  12.210000 2
26.750000  0.030000 0
18.590000  -7.400000 1
-0.410000  -13.050000 1
-16.890000  -11.110000 2
-0.800000  2.140000 2
-18.470000  -8.400000 2
-11.100000  -10.620000 1
-5.300000  11.870000 2
2.420000  -10.430000 1
-22.860000  13.270000 2
-8.680000  4.610000 2
27.010000  -2.300000 0
1.340000  -1.460000 1
-3.420000  -8.750000 1
27.520000  -5.500000 0
-16.720000  4.560000 2
-3.360000  19.450000 2
2.930000  -7.630000 1
-20.100000  9.390000 2
-0.240000  -3.710000 1
6.660000  23.740000 0
9.920000  -23.710000 1
-4.940000  -6.350000 1
-16.630000  -6.700000 2
22.250000  -1.440000 0
3.340000  -8.730000 1
6.590000  -4.520000 1
-7.210000  -18.740000 1
9.870000  -5.570000 1
0.520000  3.320000 2
6.620000  23.500000 0
9.360000  -18.770000 1
-3.940000  2.860000 2
-17.570000  -5.400000 2
24.080000  -0.520000 0
12.430000  -7.510000 1
15.300000  4.410000 0
-8.690000  -5.340000 2
7.610000  19.010000 0
17.280000  -14.210000 1
-4.520000  -6.710000 1
-23.250000  -6.530000 2
20.520000  -2.140000 0
-0.020000  -11.060000 1
19.130000  -4.640000 0
-8.080000  -21.420000 1
2.480000  -5.390000 1
-5.760000  -1.130000 2
20.090000  4.600000 0
-4.110000  0.800000 2
-3.140000  -19.950000 1
0.690000  -7.610000 1
17.240000  7.280000 0
7.720000  -10.170000 1
4.030000  25.080000 0
0.900000  -11.690000 1
15.110000  -6.610000 1
-7.250000  -18.940000 1
3.850000  0.410000 1
27.290000  1.180000 0
6.140000  -25.560000 1
0.180000  -17.890000 1
-3.230000  -14.720000 1
-16.510000  -25.260000 1
1.540000  0.460000 1
9.220000  -23.030000 1
15.820000  13.030000 0
0.440000  13.800000 0
-7.060000  11.360000 2
-16.670000  -11.010000 2
6.390000  -8.020000 1
2.660000  -9.690000 1
-4.740000  3.020000 2
10.610000  19.710000 0
16.210000  -20.220000 1
-10.230000  -5.030000 2
15.880000  2.380000 0
-12.000000  -21.520000 1
-13.510000  -27.490000 1
-7.090000  -16.890000 1
-7.520000  -20.730000 1
-13.930000  -19.160000 1
16.130000  -6.300000 1
21.320000  6.960000 0
21.930000  1.500000 0
17.300000  6.920000 0
-7.070000  -17.960000 1
-0.940000  -2.170000 1
14.350000  -22.450000 1
1.730000  -12.900000 1
17.360000  15.230000 0
-18.150000  12.080000 2
7.930000  -5.840000 1
-8.890000  -1.010000 2
2.610000  -7.800000 1
2.380000  28.800000 0
10.420000  -22.700000 1
0.010000  -17.880000 1
15.610000  6.380000 0
-22.660000  -9.370000 2
-9.160000  -9.150000 1
4.720000  -22.460000 1
1.540000  -14.140000 1
-1.210000  -17.010000 1
14.400000  1.860000 0
-16.810000  -2.500000 2
7.400000  -26.310000 1
-13.610000  -5.150000 2
0.400000  -13.460000 1
8.780000  -25.800000 1
-9.180000  -15.880000 1
19.190000  6.840000 0
7.790000  -0.910000 1
28.290000  4.320000 0
-20.620000  -5.400000 2
6.250000  -26.510000 1
26.280000  -3.040000 0
11.190000  20.790000 0
4.570000  -11.490000 1
-19.680000  -0.110000 2
17.870000  -1.830000 0
-18.950000  12.720000 2
21.160000  -1.820000 0
5.070000  -24.190000 1
8.590000  -18.300000 1
-0.540000  -16.530000 1
23.750000  0.140000 0
16.480000  -9.760000 1
4.510000  -19.190000 1
-2.710000  -6.870000 1
-14.610000  -2.620000 2
9.910000  -6.090000 1
-2.210000  -13.300000 1
-12.420000  0.790000 2
8.810000  -11.410000 1
-7.770000  -13.980000 1
26.680000  0.750000 0
-1.780000  -15.460000 1
2.600000  20.950000 0
8.810000  -9.230000 1
0.510000  -15.780000 1
9.610000  -11.490000 1
-2.480000  21.230000 2
10.910000  -9.200000 1
-12.850000  -8.220000 2
-6.460000  2.180000 2
14.140000  -2.880000 0
-5.710000  8.730000 2
20.420000  11.350000 0
-3.040000  -21.770000 1
-10.380000  -3.250000 2
-22.160000  12.470000 2
0.020000  23.560000 0
16.230000  -17.060000 1
-0.990000  -10.680000 1
-8.230000  -13.920000 1
29.100000  4.460000 0
1.280000  3.200000 2
15.970000  15.210000 0
8.700000  -13.270000 1
-0.780000  -9.770000 1
-19.500000  12.570000 2
2.380000  20.720000 0
11.680000  -10.290000 1
-7.950000  -10.930000 1
-4.730000  -4.670000 1
27.790000  5.310000 0
8.080000  8.660000 0
21.570000  12.570000 0
-0.020000  -23.100000 1
-5.240000  -0.780000 2
-16.800000  12.320000 2
-0.030000  23.810000 0
-16.530000  11.990000 2
2.920000  1.700000 1
1.120000  1.280000 1
16.060000  16.050000 0
-2.620000  -2.630000 1
10.330000  20.230000 0
-21.670000  7.920000 2
0.440000  5.280000 2
-23.120000  12.820000 2
-0.620000  -9.240000 1
27.100000  2.170000 0
9.020000  -12.330000 1
4.670000  -14.440000 1
3.760000  -15.900000 1
-3.790000  -21.450000 1
2.160000  4.790000 0
10.690000  -20.310000 1
1.030000  18.430000 0
3.490000  23.120000 0
-5.890000  3.230000 2
-11.200000  -9.870000 1
4.500000  -18.100000 1
-6.770000  -11.750000 1
-7.070000  -2.690000 2
9.580000  10.590000 0
10.310000  -16.030000 1
-4.260000  -2.710000 1
19.620000  13.140000 0
-8.880000  -11.840000 1
-4.950000  -15.450000 1
4.250000  -17.290000 1
-0.030000  7.840000 2
-7.990000  -15.350000 1
29.000000  -0.240000 0
20.810000  7.680000 0
17.610000  11.900000 0
13.140000  21.840000 0
25.160000  0.200000 0
-18.070000  15.330000 2
10.230000  -18.490000 1
-3.690000  5.370000 2
1.810000  16.890000 0
-20.010000  10.250000 2
6.720000  12.070000 0
-10.190000  -13.090000 1
-0.170000  -1.500000 1
-14.560000  -9.790000 2
4.100000  18.320000 0
-1.460000  18.030000 2
12.800000  -11.290000 1
11.010000  -15.770000 1
22.850000  10.050000 0
-15.480000  -16.060000 1
-9.520000  -8.610000 1
1.900000  -18.380000 1
12.670000  -18.980000 1
23.610000  6.090000 0
24.110000  6.090000 0
-19.840000  -7.850000 2
4.530000  -22.650000 1
-10.960000  -1.070000 2
-19.150000  12.690000 2
17.160000  -14.910000 1
-0.630000  -20.800000 1
17.550000  14.480000 0
0.190000  -12.030000 1
28.440000  12.250000 0
-1.460000  -3.690000 1
12.560000  -13.140000 1
23.600000  3.410000 0
10.040000  17.000000 0
-8.390000  12.770000 2
-18.680000  -3.660000 2
24.440000  0.580000 0
-19.230000  5.130000 2
15.890000  17.010000 0
10.500000  -14.140000 1
-3.120000  -23.710000 1
-0.920000  10.030000 2
20.230000  2.370000 0
26.800000  2.230000 0
3.350000  -19.370000 1
-10.180000  -10.060000 1
0.300000  -0.500000 1
-6.850000  -11.770000 1
-7.870000  -7.600000 1
1.580000  11.490000 0
3.890000  -18.750000 1
-16.650000  7.940000 2
-3.970000  14.030000 2
28.180000  7.780000 0
3.550000  -17.970000 1
0.130000  -18.650000 1
31.700000  2.780000 0
-14.610000  13.340000 2
6.460000  20.570000 0
10.800000  -6.960000 1
-4.870000  12.420000 2
-0.340000  6.370000 2
